0.99
0.99
0.99
0.99
0.99
0.99
0.99
0.99
1.0
1.0
0.99
1.0
1.0
1.0
0.99
0.99
0.99
0.99
0.99
0.99
0.99
0.99
0.99
0.99
0.99
0.99
0.99
0.99
0.99
0.99
0.99
0.99
0.99
0.99
0.99
0.99
0.99
0.99
0.99
1.0
1.0
1.0
1.0
1.0
1.0
1.0
0.99
0.99
0.99
0.99
0.99
0.99
0.99
0.99
0.99
0.99
0.99
0.99
0.99
0.99
0.99
0.99
0.99
0.99
0.99
0.99
0.99
0.99
0.99
0.99
1.0
1.0
1.0
1.0
1.0
0.99
1.0
0.99
0.99
0.99
0.99
0.99
0.99
0.99
0.99
0.99
0.99
0.99
0.99
0.99
0.99
0.99
0.99
0.99
0.99
0.99
0.99
0.99
0.99
1.0
1.0
1.0
1.0
1.0
1.0
1.0
1.0
1.0
1.0
1.0
0.99
0.99
0.99
0.99
0.99
0.99
0.99
0.99
0.99
0.99
0.99
0.99
0.99
0.99
0.99
0.99
0.99
0.99
0.99
0.99
0.99
0.99
0.99
0.99
1.0
1.0
1.0
1.0
1.0
1.0
1.0
1.0
0.99
0.99
0.99
0.99
0.99
0.99
0.99
0.99
0.99
0.99
0.99
0.99
0.99
0.99
0.99
0.99
0.99
0.99
0.99
0.99
0.99
0.99
0.99
1.0
1.0
1.0
1.0
1.0
1.0
1.0
1.0
0.99
0.99
0.99
0.99
1.0
1.0
0.99
0.99
0.99
0.99
0.99
0.99
0.99
0.99
0.99
0.99
0.99
0.99
0.99
0.99
0.99
0.99
0.99
0.99
1.0
1.0
1.0
1.0
1.0
1.0
1.0
1.0
1.0
1.0
1.0
1.0
1.0
1.0
0.99
0.99
0.99
0.99
0.99
0.99
0.99
0.99
0.99
0.99
0.99
0.99
0.99
0.99
1.0
1.0
0.99
1.0
1.0
1.0
1.0
1.0
1.0
1.0
1.0
1.0
1.0
1.0
1.0
1.0
1.0
1.0
1.0
0.99
0.99
0.99
0.99
0.99
0.99
0.99
0.99
0.99
0.99
0.99
0.99
1.0
1.0
1.0
0.99
1.0
1.0
1.0
1.0
1.0
1.0
1.0
1.0
1.0
1.0
1.0
0.99
1.0
1.0
1.0
1.0
1.0
1.0
0.99
0.99
0.99
0.99
0.99
0.99
0.99
0.99
0.99
0.99
1.0
1.0
1.0
1.0
1.0
1.0
1.0
1.0
1.0
1.0
1.0
1.0
1.0
1.0
1.0
1.0
1.0
1.0
1.0
1.0
1.0
1.0
0.99
0.99
0.99
0.99
0.99
0.99
0.99
0.99
0.99
0.99
1.0
1.0
1.0
1.0
0.99
0.99
1.0
1.0
1.0
1.0
1.0
1.0
1.0
1.0
1.0
1.0
1.0
1.0
1.0
1.0
1.0
0.99
0.99
0.99
1.0
1.0
0.99
0.99
0.99
0.99
0.99
0.99
1.0
1.0
1.0
1.0
1.0
1.0
1.0
1.0
1.0
1.0
1.0
0.99
1.0
1.0
1.0
0.99
1.0
1.0
1.0
1.0
0.99
0.99
0.99
0.99
1.0
1.0
0.99
0.99
0.99
0.99
0.99
0.99
0.99
0.99
1.0
1.0
1.0
1.0
1.0
1.0
1.0
1.0
1.0
1.0
1.0
1.0
1.0
0.99
1.0
1.0
1.0
1.0
1.0
1.0
0.99
1.0
1.0
1.0
1.0
1.0
1.0
1.0
1.0
0.99
0.99
0.99
1.0
1.0
1.0
1.0
1.0
1.0
0.99
0.99
0.99
1.0
1.0
1.0
1.0
1.0
1.0
1.0
1.0
1.0
1.0
1.0
1.0
1.0
1.0
1.0
1.0
1.0
1.0
1.0
1.0
0.99
0.99
1.0
1.0
0.99
1.0
1.0
1.0
1.0
0.99
0.99
1.0
1.0
1.0
1.0
1.0
1.0
1.0
1.0
1.0
1.0
1.0
1.0
1.0
0.99
1.0
1.0
1.0
1.0
1.0
1.0
1.0
1.0
1.0
1.0
1.0
1.0
1.0
1.0
1.0
1.0
0.99
0.99
0.99
1.0
1.0
1.0
1.0
1.0
1.0
1.0
1.0
1.0
1.0
1.0
1.0
0.99
0.99
0.99
0.99
0.99
1.0
1.0
1.0
1.0
1.0
1.0
1.0
1.0
1.0
1.0
1.0
1.0
0.99
0.99
0.99
1.0
1.0
1.0
1.0
1.0
1.0
1.0
1.0
1.0
1.0
0.99
1.0
1.0
1.0
0.99
0.99
0.99
0.99
1.0
1.0
1.0
1.0
1.0
1.0
1.0
1.0
1.0
1.0
1.0
1.0
1.0
1.0
1.0
1.0
1.0
1.0
1.0
1.0
1.0
1.0
0.99
0.99
0.99
0.99
1.0
1.0
1.0
0.99
1.0
1.0
1.0
1.0
1.0
1.0
1.0
1.0
1.0
1.0
1.0
1.0
1.0
1.0
1.0
1.0
1.0
1.0
0.99
0.99
1.0
1.0
1.0
0.99
0.99
0.99
0.99
0.99
1.0
1.0
1.0
1.0
1.0
1.0
1.0
1.0
1.0
0.99
1.0
1.0
1.0
1.0
1.0
1.0
1.0
0.99
0.99
0.99
1.0
1.0
1.0
1.0
1.0
0.99
1.0
1.0
1.0
1.0
1.0
1.0
1.0
1.0
1.0
1.0
1.0
1.0
1.0
1.0
0.99
1.0
1.0
1.0
1.0
1.0
1.0
0.99
1.0
1.0
1.0
0.99
1.0
1.0
1.0
1.0
0.99
0.99
1.0
1.0
0.99
1.0
1.0
1.0
0.99
1.0
1.0
1.0
1.0
1.0
1.0
1.0
0.99
1.0
1.0
1.0
1.0
1.0
0.99
0.99
1.0
1.0
1.0
1.0
1.0
1.0
1.0
1.0
0.99
1.0
1.0
1.0
1.0
1.0
1.0
1.0
0.99
1.0
1.0
1.0
1.0
1.0
1.0
0.99
0.99
1.0
1.0
1.0
1.0
1.0
0.99
0.99
0.99
1.0
1.0
1.0
1.0
1.0
1.0
1.0
1.0
1.0
1.0
1.0
1.0
1.0
1.0
1.0
1.0
1.0
1.0
1.0
1.0
1.0
1.0
0.99
0.99
1.0
1.0
1.0
1.0
1.0
1.0
1.0
1.0
1.0
1.0
1.0
1.0
1.0
1.0
1.0
1.0
1.0
1.0
1.0
1.0
1.0
1.0
1.0
1.0
1.0
1.0
1.0
1.0
1.0
1.0
1.0
0.99
1.0
1.0
1.0
1.0
1.0
1.0
1.0
1.0
1.0
1.0
1.0
0.99
1.0
1.0
0.99
1.0
1.0
1.0
1.0
1.0
1.0
1.0
1.0
1.0
1.0
1.0
1.0
1.0
1.0
0.99
0.99
0.99
1.0
1.0
1.0
1.0
0.99
1.0
1.0
1.0
1.0
0.99
0.99
0.99
0.99
0.99
0.99
0.99
1.0
1.0
1.0
1.0
1.0
1.0
1.0
1.0
1.0
1.0
1.0
1.0
1.0
0.99
0.99
0.99
0.99
1.0
1.0
1.0
1.0
1.0
1.0
1.0
1.0
0.99
0.99
0.99
0.99
0.99
0.99
1.0
1.0
1.0
1.0
0.99
0.99
1.0
1.0
1.0
0.99
1.0
1.0
1.0
1.0
1.0
0.99
0.99
0.99
0.99
1.0
1.0
1.0
1.0
1.0
0.99
1.0
0.99
0.99
0.99
0.99
0.99
0.99
1.0
1.0
1.0
1.0
1.0
1.0
1.0
1.0
1.0
1.0
1.0
1.0
1.0
1.0
0.99
0.99
0.99
0.99
0.99
1.0
1.0
0.99
1.0
1.0
1.0
1.0
1.0
0.99
0.99
0.99
0.99
1.0
1.0
1.0
1.0
1.0
1.0
1.0
0.99
1.0
1.0
1.0
1.0
0.99
1.0
0.99
0.99
0.99
0.99
0.99
0.99
0.99
1.0
0.99
0.99
1.0
1.0
1.0
1.0
0.99
0.99
0.99
0.99
0.99
0.99
0.99
1.0
1.0
1.0
1.0
1.0
1.0
1.0
1.0
1.0
0.99
0.99
0.99
0.99
0.99
0.99
0.99
0.99
0.99
0.99
0.99
0.99
1.0
1.0
1.0
0.99
0.99
0.99
0.99
0.99
0.99
0.99
0.99
0.99
1.0
1.0
1.0
1.0
1.0
1.0
1.0
0.99
0.99
0.99
0.99
0.99
0.99
0.99
0.99
0.99
0.99
0.99
0.99
0.99
1.0
0.99
0.99
0.99
0.99
0.99
0.99
0.99
0.99
0.99
0.99
1.0
1.0
1.0
1.0
1.0
1.0
1.0
1.0
1.0
0.99
0.99
0.99
0.99
0.99
0.99

29.7
28.71
27.72
26.73
25.74
24.75
23.76
22.77
22.18
21.18
19.8
19.22
18.24
17.26
15.84
14.85
15.84
16.83
17.82
18.81
19.8
20.79
21.78
22.77
23.76
24.75
25.74
26.73
27.72
28.71
29.7
30.69
28.71
27.72
26.73
25.74
24.75
23.76
22.77
22.18
21.18
20.18
19.2
18.22
17.26
16.28
14.85
13.86
14.85
15.84
16.83
17.82
18.81
19.8
20.79
21.78
22.77
23.76
24.75
25.74
26.73
27.72
28.71
29.7
27.72
26.73
25.74
24.75
23.76
22.77
22.16
21.18
20.18
19.18
18.2
16.83
16.24
14.85
13.86
12.87
13.86
14.85
15.84
16.83
17.82
18.81
19.8
20.79
21.78
22.77
23.76
24.75
25.74
26.73
27.72
28.71
26.73
25.74
24.75
24.16
23.16
22.16
21.16
20.16
19.16
18.18
17.18
16.24
15.24
14.24
12.87
11.88
12.87
13.86
14.85
15.84
16.83
17.82
18.81
19.8
20.79
21.78
22.77
23.76
24.75
25.74
26.73
27.72
25.74
24.75
23.76
22.77
21.78
20.79
20.16
19.16
18.16
17.16
16.18
15.2
14.22
13.24
11.88
10.89
11.88
12.87
13.86
14.85
15.84
16.83
17.82
18.81
19.8
20.79
21.78
22.77
23.76
24.75
25.74
26.73
24.75
23.76
22.77
21.78
20.79
20.16
19.18
18.16
17.16
16.16
15.2
14.22
13.2
11.88
10.89
9.9
10.89
12.22
13.22
13.86
14.85
15.84
16.83
17.82
18.81
19.8
20.79
21.78
22.77
23.76
24.75
25.74
23.76
22.77
21.78
20.79
19.8
19.16
18.16
17.16
16.16
15.16
14.2
13.2
12.2
11.2
10.2
9.22
10.22
11.22
12.22
12.87
13.86
14.85
15.84
16.83
17.82
18.81
19.8
20.79
21.78
22.77
23.76
24.75
22.77
22.22
21.22
19.8
19.16
18.16
17.16
16.16
15.16
14.16
13.16
12.16
11.16
10.18
9.2
8.24
9.24
10.14
11.24
12.12
12.87
13.86
14.85
15.84
16.83
17.82
18.81
19.8
20.79
21.78
22.77
23.76
22.22
21.22
20.22
18.81
18.16
17.16
16.16
15.16
14.16
13.18
12.16
11.16
10.16
9.16
8.18
6.93
8.26
9.14
10.12
11.12
12.12
13.12
13.86
14.85
15.84
16.83
17.82
18.81
19.8
20.79
21.78
22.77
21.24
20.22
19.22
18.22
17.18
16.18
15.18
14.16
13.16
12.16
11.16
10.16
9.18
8.16
7.16
6.16
7.16
8.12
9.12
10.12
11.16
12.14
12.87
13.86
14.85
15.84
16.83
17.82
18.81
19.8
20.79
21.78
20.22
19.22
18.22
17.22
15.84
14.85
14.2
13.18
12.16
11.16
10.16
9.16
8.16
7.16
6.16
5.16
6.14
7.12
8.12
9.08
10.18
10.89
11.88
12.87
14.28
15.26
15.84
16.83
17.82
18.81
19.8
20.79
19.24
18.22
17.22
16.22
15.2
14.2
13.2
12.18
11.18
10.18
9.2
7.92
7.18
6.18
5.18
3.96
5.14
6.12
7.1
8.08
8.91
9.9
10.89
11.88
13.3
14.26
14.85
15.84
16.83
17.82
18.81
19.8
17.82
16.83
16.24
15.22
14.24
13.22
12.2
11.2
10.2
9.2
8.22
7.02
6.02
5.02
4.2
2.97
4.16
5.14
6.12
7.08
8.06
9.06
9.9
11.06
12.28
13.26
14.24
15.22
16.2
17.18
18.16
18.81
16.83
15.84
15.26
14.22
13.22
12.22
11.22
10.22
8.91
7.92
6.93
6.04
5.02
4.02
3.22
2.24
3.18
4.16
5.06
6.06
7.06
8.06
9.06
10.06
11.28
12.26
13.24
14.22
15.2
16.18
17.16
17.82
15.84
15.26
14.28
12.87
12.24
11.34
10.36
9.38
7.92
6.93
6.06
5.06
4.02
3.02
2.24
1.12
2.1
3.08
4.06
5.08
6.06
7.08
8.06
8.91
10.28
11.26
12.24
13.22
14.2
15.18
16.16
17.16
15.3
14.26
13.26
12.26
11.26
10.34
9.34
8.36
6.93
5.94
4.95
4.02
3.02
2.02
1.02
0.0
1.12
2.12
3.06
4.06
5.06
6.06
7.06
7.92
8.91
9.9
10.89
11.88
13.2
14.18
15.16
16.16
16.28
15.26
14.26
13.26
12.26
11.3
10.32
9.34
7.92
6.93
5.94
5.0
4.0
3.0
2.0
1.0
2.04
3.04
4.04
5.04
6.04
6.93
8.14
9.12
10.1
10.89
11.88
12.87
13.86
15.16
16.14
17.14
17.26
16.26
15.26
14.26
13.28
12.28
11.3
10.32
9.02
8.02
7.0
6.0
5.0
4.0
3.0
2.02
3.02
4.04
5.04
5.94
6.93
7.92
8.91
10.12
11.08
12.08
12.87
14.1
15.08
16.12
17.12
18.12
18.26
17.26
16.28
15.26
14.26
13.26
12.3
11.26
10.0
9.0
8.0
7.0
6.0
4.95
3.96
3.3
4.3
5.04
5.94
6.93
7.92
8.91
9.9
11.06
12.06
13.06
14.06
15.06
16.06
17.1
18.1
19.1
18.81
18.26
17.26
16.24
15.24
14.24
13.24
12.24
10.89
9.9
8.91
8.22
7.22
6.24
5.26
4.28
4.95
6.04
7.04
8.04
9.04
10.04
11.04
12.04
13.04
14.04
15.04
16.04
17.08
18.08
19.1
19.8
20.24
19.24
18.24
17.24
16.24
15.24
13.86
13.22
12.22
11.22
9.9
9.2
8.2
7.22
6.24
4.95
5.94
7.14
8.04
8.91
10.04
11.04
12.04
12.87
14.04
15.04
16.04
17.06
18.06
19.08
20.08
20.79
21.24
20.24
19.24
18.24
17.24
15.84
14.85
14.2
13.2
12.2
11.2
10.18
9.18
8.2
7.22
5.94
7.14
8.12
9.04
10.04
11.04
12.04
13.04
13.86
15.1
16.08
17.04
18.04
19.04
20.08
20.79
21.78
22.24
21.24
20.24
19.24
18.24
16.83
15.84
14.85
14.2
13.22
12.18
11.16
10.16
9.16
8.16
7.14
8.12
9.1
10.06
11.04
12.18
13.16
14.14
15.12
16.1
17.06
18.04
19.04
20.04
21.06
21.78
22.77
23.24
22.24
21.24
20.24
19.2
18.2
17.2
16.2
15.2
14.16
13.16
12.16
11.18
10.2
9.14
8.14
9.1
10.08
11.06
12.06
13.06
14.16
15.12
16.1
17.08
18.06
19.04
20.04
21.04
22.04
23.04
23.76
24.24
23.26
22.24
21.24
20.2
19.2
18.2
17.2
16.2
15.22
14.24
12.87
12.18
11.2
9.9
9.12
10.1
11.1
12.06
13.06
14.06
15.06
16.06
17.06
18.06
19.06
20.06
21.04
22.04
22.77
23.76
24.75
25.24
24.26
23.24
22.24
20.79
20.2
19.2
18.2
17.2
15.84
14.85
13.86
12.87
11.88
10.89
9.9
11.1
12.1
13.1
14.06
15.06
16.06
17.06
18.06
19.06
20.06
21.06
22.06
23.06
23.76
24.75
25.74
25.74
25.24
24.24
23.22
22.22
21.2
20.2
19.2
18.2
16.83
15.84
14.85
13.86
12.87
11.88
11.12
12.1
13.14
14.1
14.85
15.84
17.22
18.2
19.18
19.8
21.06
22.06
23.06
24.06
25.06
25.74
26.73
26.73
25.74
25.24
24.22
23.2
22.2
21.22
19.8
19.2
17.82
16.83
15.84
14.85
13.86
12.87
12.16
13.14
14.12
15.1
16.1
17.22
18.2
19.18
20.16
21.16
22.08
23.06
24.06
25.06
25.74
26.73
27.72
27.72
26.73
26.24
25.22
23.76
23.2
22.22
21.26
20.28
19.3
17.82
16.83
15.84
14.85
14.16
13.16
14.16
15.16
16.18
17.1
18.1
18.81
20.16
21.14
22.14
23.08
23.76
25.06
25.74
26.73
27.72
28.71
28.71
27.72
26.73
26.22
24.75
23.76
23.22
22.24
21.26
20.3
18.81
17.82
16.83
15.84
14.85
13.86
14.85
16.16
17.16
18.16
19.16
20.16
21.16
22.12
23.1
24.08
24.75
25.74
26.73
27.72
28.71
29.7
29.7
28.71
27.72
26.73
25.74
24.75
24.22
23.24
22.26
20.79
19.8
18.81
17.82
16.83
15.84
14.85
15.84
16.83
18.24
19.22
20.18
21.16
22.16
23.12
24.1
24.75
25.74
26.73
27.72
28.71
29.7
30.69
30.69
29.7
28.71
27.72
26.73
25.74
25.22
23.76
22.77
21.78
20.79
19.8
18.81
17.82
16.83
15.84
16.83
18.26
19.24
20.2
21.18
22.16
23.16
24.12
25.1
26.1
26.73
27.72
28.71
29.7
30.69
31.68
