1.0
0.88
0.84
0.82
0.81
0.8
0.78
0.77
0.76
0.76
0.76
0.76
0.73
0.73
0.73
0.73
0.72
0.72
0.72
0.71
0.71
0.71
0.7
0.7
0.7
0.7
0.69
0.69
0.69
0.69
0.69
0.69
0.69
0.69
0.69
0.68
0.68
0.68
0.68
0.68
0.68
0.68
0.68
0.68
0.67
0.67
0.67
0.66
0.66
0.66
0.66
0.66
0.66
0.65
0.65
0.65
0.65
0.65
0.65
0.65
0.65
0.64
0.64
0.64
0.64
0.64
0.64
0.63
0.63
0.63
0.63
0.63
0.63
0.63
0.63
0.63
0.62
0.62
0.62
0.62
0.62
0.62
0.62
0.62
0.62
0.62
0.62
0.61
0.61
0.61
0.61
0.61
0.61
0.61
0.61
0.6
0.6
0.6
0.6
0.6
0.6
0.6
0.6
0.6
0.6
0.6
0.6
0.6
0.6
0.6
0.59
0.59
0.59
0.59
0.59
0.59
0.59
0.59
0.59
0.59
0.59
0.59
0.58
0.58
0.58
0.58
0.58
0.58
0.58
0.58
0.58
0.58
0.58
0.58
0.58
0.58
0.57
0.57
0.57
0.57
0.57
0.57
0.57
0.57
0.57
0.57
0.57
0.57
0.57
0.57
0.57
0.57
0.57
0.57
0.57
0.57
0.57
0.57
0.56
0.56
0.56
0.56
0.56
0.56
0.56
0.56
0.56
0.56
0.56
0.56
0.56
0.56
0.55
0.55
0.55
0.55
0.55
0.55
0.55
0.55
0.55
0.55
0.55
0.55
0.55
0.55
0.55
0.55
0.55
0.55
0.54
0.54
0.54
0.54
0.54
0.54
0.54
0.54
0.54
0.54
0.54
0.54
0.54
0.54
0.54
0.54
0.54
0.54
0.53
0.53
0.53
0.53
0.53
0.53
0.53
0.53
0.53
0.53
0.53
0.53
0.53
0.53
0.53
0.53
0.53
0.53
0.53
0.53
0.53
0.53
0.53
0.53
0.52
0.52
0.52
0.52
0.52
0.52
0.52
0.52
0.52
0.52
0.52
0.52
0.52
0.52
0.52
0.52
0.51
0.51
0.51
0.51
0.51
0.51
0.51
0.51
0.51
0.51
0.51
0.51
0.51
0.51
0.51
0.51
0.51
0.51
0.51
0.51
0.51
0.51
0.51
0.51
0.5
0.5
0.5
0.5
0.5
0.5
0.5
0.5
0.5
0.5
0.5
0.5
0.5
0.5
0.5
0.5
0.5
0.5
0.5
0.5
0.5
0.5
0.5
0.49
0.49
0.49
0.49
0.49
0.49
0.49
0.49
0.49
0.49
0.49
0.49
0.49
0.49
0.49
0.49
0.49
0.49
0.49
0.49
0.49
0.49
0.49
0.49
0.49
0.49
0.49
0.49
0.49
0.49
0.49
0.49
0.49
0.49
0.49
0.49
0.48
0.48
0.48
0.48
0.48
0.48
0.48
0.48
0.48
0.48
0.48
0.48
0.48
0.48
0.48
0.48
0.48
0.48
0.48
0.48
0.48
0.48
0.48
0.48
0.47
0.47
0.47
0.47
0.47
0.47
0.47
0.47
0.47
0.47
0.47
0.47
0.47
0.47
0.47
0.47
0.47
0.47
0.47
0.47
0.47
0.47
0.47
0.47
0.47
0.47
0.47
0.47
0.47
0.47
0.47
0.47
0.47
0.47
0.47
0.47
0.47
0.47
0.47
0.46
0.46
0.46
0.46
0.46
0.46
0.46
0.46
0.46
0.46
0.46
0.46
0.46
0.46
0.46
0.46
0.46
0.46
0.46
0.46
0.46
0.46
0.46
0.46
0.46
0.46
0.46
0.46
0.46
0.46
0.46
0.46
0.46
0.46
0.46
0.46
0.46
0.46
0.46
0.46
0.46
0.45
0.45
0.45
0.45
0.45
0.45
0.45
0.45
0.45
0.45
0.45
0.45
0.45
0.45
0.45
0.45
0.45
0.45
0.45
0.45
0.45
0.45
0.45
0.45
0.45
0.45
0.45
0.45
0.45
0.45
0.45
0.45
0.45
0.45
0.45
0.45
0.45
0.45
0.45
0.45
0.44
0.44
0.44
0.44
0.44
0.44
0.44
0.44
0.44
0.44
0.44
0.44
0.44
0.44
0.44
0.44
0.44
0.44
0.44
0.44
0.44
0.44
0.44
0.44
0.44
0.44
0.44
0.44
0.44
0.44
0.44
0.44
0.44
0.44
0.43
0.43
0.43
0.43
0.43
0.43
0.43
0.43
0.43
0.43
0.43
0.43
0.43
0.43
0.43
0.43
0.43
0.43
0.43
0.43
0.43
0.43
0.43
0.43
0.43
0.43
0.43
0.43
0.43
0.42
0.42
0.42
0.42
0.42
0.42
0.42
0.42
0.42
0.42
0.42
0.42
0.42
0.42
0.42
0.42
0.42
0.42
0.42
0.42
0.42
0.42
0.42
0.42
0.42
0.42
0.42
0.41
0.41
0.41
0.41
0.41
0.41
0.41
0.41
0.41
0.41
0.41
0.41
0.41
0.41
0.41
0.41
0.41
0.41
0.41
0.41
0.41
0.41
0.41
0.41
0.41
0.41
0.41
0.41
0.41
0.41
0.41
0.41
0.41
0.4
0.4
0.4
0.4
0.4
0.4
0.4
0.4
0.4
0.4
0.4
0.4
0.4
0.4
0.4
0.4
0.4
0.4
0.4
0.4
0.4
0.4
0.4
0.4
0.4
0.4
0.4
0.4
0.4
0.4
0.4
0.39
0.39
0.39
0.39
0.39
0.39
0.39
0.39
0.39
0.39
0.39
0.39
0.39
0.39
0.39
0.39
0.39
0.39
0.39
0.39
0.39
0.39
0.39
0.38
0.38
0.38
0.38
0.38
0.38
0.38
0.38
0.38
0.38
0.38
0.38
0.38
0.38
0.38
0.38
0.38
0.37
0.37
0.37
0.37
0.37
0.37
0.37
0.37
0.37
0.37
0.37
0.37
0.37
0.37
0.37
0.37
0.37
0.37
0.37
0.37
0.37
0.37
0.37
0.37
0.37
0.37
0.37
0.37
0.37
0.36
0.36
0.36
0.36
0.36
0.36
0.36
0.36
0.36
0.36
0.36
0.36
0.36
0.36
0.36
0.36
0.36
0.36
0.36
0.36
0.36
0.36
0.36
0.36
0.36
0.36
0.36
0.36
0.36
0.35
0.35
0.35
0.35
0.35
0.35
0.35
0.35
0.35
0.35
0.35
0.35
0.35
0.35
0.35
0.35
0.35
0.35
0.35
0.35
0.34
0.34
0.34
0.34
0.34
0.34
0.34
0.34
0.34
0.34
0.34
0.34
0.34
0.34
0.34
0.34
0.34
0.34
0.34
0.34
0.34
0.34
0.34
0.34
0.34
0.34
0.33
0.33
0.33
0.33
0.33
0.33
0.33
0.33
0.33
0.33
0.33
0.33
0.33
0.33
0.33
0.33
0.33
0.33
0.33
0.33
0.33
0.32
0.32
0.32
0.32
0.32
0.32
0.32
0.32
0.32
0.32
0.32
0.32
0.32
0.32
0.32
0.32
0.32
0.32
0.32
0.32
0.32
0.32
0.32
0.31
0.31
0.31
0.31
0.31
0.31
0.31
0.31
0.31
0.31
0.31
0.31
0.31
0.31
0.31
0.31
0.31
0.31
0.31
0.31
0.3
0.3
0.3
0.3
0.3
0.3
0.3
0.3
0.3
0.3
0.3
0.3
0.3
0.3
0.3
0.3
0.3
0.3
0.3
0.3
0.3
0.3
0.3
0.3
0.3
0.3
0.29
0.29
0.29
0.29
0.29
0.29
0.29
0.29
0.29
0.29
0.29
0.29
0.28
0.28
0.28
0.28
0.28
0.28
0.28
0.28
0.28
0.28
0.28
0.28
0.28
0.28
0.28
0.27
0.27
0.27
0.27
0.27
0.27
0.27
0.27
0.27
0.27
0.27
0.27
0.27
0.27
0.27
0.27
0.27
0.27
0.27
0.27
0.26
0.26
0.26
0.26
0.26
0.26
0.26
0.26
0.26
0.26
0.26
0.26
0.26
0.25
0.25
0.25
0.25
0.25
0.25
0.25
0.25
0.25
0.25
0.25
0.25
0.24
0.24
0.24
0.24
0.24
0.24
0.24
0.24
0.24
0.24
0.24
0.24
0.24
0.24
0.24
0.23
0.23
0.23
0.23
0.23
0.23
0.23
0.23
0.23
0.23
0.23
0.23
0.23
0.23
0.23
0.23
0.23
0.23
0.22
0.22
0.22
0.22
0.22
0.22
0.22
0.21
0.21
0.21
0.21
0.21
0.21
0.21
0.21
0.21
0.21
0.2
0.2
0.2
0.2
0.2
0.2
0.2
0.2
0.2
0.2
0.19
0.19
0.19
0.19
0.19
0.19
0.18
0.18
0.18
0.18
0.18
0.18
0.17
0.17
0.17
0.17
0.16
0.16
0.16
0.16
0.16
0.15
0.15
0.15
0.15
0.14
0.14
0.12
0.11

47.75
41.375
43.857142857142854
45.8421052631579
43.1578947368421
41.63157894736842
41.44444444444444
38.7
36.916666666666664
32.82608695652174
36.476190476190474
34.7
30.916666666666668
34.142857142857146
34.81481481481482
35.88
31.391304347826086
33.42857142857143
34.78260869565217
35.074074074074076
35.21739130434783
34.36
38.689655172413794
38.87096774193548
38.484848484848484
40.5625
39.82608695652174
42.130434782608695
46.94736842105263
44.25
44.36363636363637
45.35294117647059
47.125
39.55555555555556
41.8
44.4
42.904761904761905
41.90909090909091
40.111111111111114
37.30769230769231
36.172413793103445
34.0
33.583333333333336
32.95652173913044
32.6
31.82857142857143
32.65714285714286
33.5625
33.375
32.294117647058826
32.21212121212121
33.64705882352941
34.8125
35.15151515151515
37.1764705882353
38.68421052631579
38.421052631578945
40.96774193548387
38.87096774193548
40.266666666666666
42.5
43.785714285714285
44.30769230769231
46.54545454545455
44.57142857142857
43.166666666666664
42.16
40.310344827586206
40.074074074074076
39.15384615384615
38.4
35.0
34.24242424242424
32.88235294117647
34.21621621621622
32.411764705882355
33.629629629629626
32.23529411764706
31.72222222222222
31.3
29.28205128205128
30.023255813953487
30.358974358974358
32.55
33.11764705882353
33.8
35.421052631578945
34.294117647058826
36.6
38.67567567567568
39.44444444444444
40.878787878787875
40.78787878787879
41.90909090909091
42.4375
42.92
42.3
43.44
44.38461538461539
42.70967741935484
38.4
37.07142857142857
35.1578947368421
33.94871794871795
33.95
32.95
32.15
31.073170731707318
30.666666666666668
31.243243243243242
30.170731707317074
29.488372093023255
29.1
28.29268292682927
28.70731707317073
30.0
32.30232558139535
34.19047619047619
34.627906976744185
35.282051282051285
35.829268292682926
35.84615384615385
35.63414634146341
37.45945945945946
40.05882352941177
42.05555555555556
41.76470588235294
43.23076923076923
45.2
44.21739130434783
44.06896551724138
41.72727272727273
40.375
36.9375
32.44444444444444
32.44186046511628
32.73170731707317
31.818181818181817
30.78048780487805
29.22222222222222
30.38095238095238
28.45
29.317073170731707
28.073170731707318
27.18918918918919
28.170731707317074
27.09090909090909
28.347826086956523
30.782608695652176
31.772727272727273
33.422222222222224
33.4
35.513513513513516
36.073170731707314
36.54545454545455
38.333333333333336
40.166666666666664
43.25
42.90909090909091
43.61538461538461
44.6
42.25
43.275862068965516
42.1875
39.89655172413793
34.645161290322584
33.86486486486486
32.1
31.523809523809526
29.866666666666667
28.48936170212766
28.25
28.022222222222222
26.680851063829788
26.75609756097561
26.372093023255815
25.263157894736842
27.487179487179485
27.4
28.565217391304348
28.877551020408163
30.833333333333332
31.19607843137255
31.866666666666667
33.390243902439025
35.51111111111111
35.375
36.58536585365854
36.46341463414634
39.44444444444444
41.18181818181818
40.608695652173914
49.333333333333336
45.333333333333336
40.6
38.8125
38.46666666666667
35.6875
32.42424242424242
31.904761904761905
30.863636363636363
29.73913043478261
28.227272727272727
27.186046511627907
26.708333333333332
24.137254901960784
24.11764705882353
24.12
22.08695652173913
24.652173913043477
26.6
27.8
27.8
29.52
30.125
30.102040816326532
32.17391304347826
34.02040816326531
32.89795918367347
35.73170731707317
36.473684210526315
36.483870967741936
38.13333333333333
38.92
45.083333333333336
44.13793103448276
41.733333333333334
37.542857142857144
38.0625
33.53846153846154
32.65
30.045454545454547
30.26086956521739
28.23076923076923
25.846153846153847
25.92
25.392156862745097
23.361702127659573
21.897959183673468
21.404255319148938
22.6734693877551
23.68
24.95744680851064
24.208333333333332
25.03921568627451
26.0
28.714285714285715
29.09433962264151
30.26086956521739
30.833333333333332
32.34782608695652
34.48888888888889
35.205128205128204
37.189189189189186
36.2972972972973
37.67741935483871
42.96296296296296
42.29032258064516
41.411764705882355
37.73684210526316
37.36842105263158
34.95454545454545
32.297872340425535
30.333333333333332
28.9811320754717
27.73469387755102
26.272727272727273
21.745098039215687
22.846153846153847
19.862745098039216
20.14814814814815
20.423076923076923
19.215686274509803
22.185185185185187
21.91304347826087
21.711111111111112
22.897959183673468
24.964912280701753
25.894736842105264
26.74074074074074
28.3265306122449
29.489795918367346
31.955555555555556
33.285714285714285
36.91891891891892
39.470588235294116
38.114285714285714
38.06666666666667
40.18181818181818
41.5625
40.13513513513514
37.476190476190474
34.674418604651166
33.81818181818182
31.772727272727273
30.318181818181817
27.274509803921568
24.745098039215687
23.8
20.36
19.296296296296298
17.192307692307693
17.0
17.29824561403509
16.19298245614035
16.69090909090909
18.818181818181817
19.764705882352942
21.452830188679247
23.19298245614035
24.0
25.08
26.80392156862745
28.653846153846153
29.232558139534884
31.813953488372093
34.611111111111114
37.02857142857143
39.05555555555556
39.333333333333336
42.52173913043478
40.37931034482759
36.44444444444444
35.372093023255815
34.0
32.86046511627907
30.82608695652174
29.25531914893617
26.382978723404257
26.387755102040817
22.91304347826087
21.0
19.5
17.517241379310345
16.71186440677966
14.682539682539682
13.566666666666666
14.074074074074074
16.607142857142858
18.78181818181818
19.964285714285715
22.236363636363638
23.444444444444443
24.50943396226415
25.333333333333332
27.851063829787233
30.0
33.041666666666664
34.095238095238095
36.189189189189186
39.29032258064516
41.148148148148145
38.4
35.625
36.62162162162162
35.142857142857146
34.22727272727273
31.708333333333332
30.833333333333332
28.37735849056604
26.632653061224488
26.22641509433962
23.12
21.857142857142858
19.178571428571427
15.796610169491526
12.403508771929825
11.35483870967742
10.420289855072463
11.714285714285714
13.421052631578947
16.912280701754387
18.862068965517242
20.296296296296298
22.48
23.529411764705884
25.48
26.708333333333332
29.651162790697676
32.326530612244895
34.19047619047619
34.82051282051282
39.1764705882353
36.51851851851852
35.42857142857143
37.22222222222222
34.53658536585366
34.111111111111114
33.666666666666664
32.35
30.5
27.59259259259259
26.436363636363637
24.035714285714285
20.754716981132077
18.78181818181818
15.466666666666667
13.0
9.068965517241379
8.971014492753623
9.549295774647888
9.707692307692307
11.03125
12.969696969696969
18.387096774193548
20.8
20.14814814814815
22.32075471698113
24.408163265306122
25.68
29.375
31.68
32.47826086956522
31.054054054054053
35.87096774193548
36.733333333333334
36.925925925925924
36.857142857142854
35.717948717948715
34.72727272727273
32.63636363636363
31.91111111111111
28.46938775510204
25.672727272727272
25.0
23.745454545454546
21.22641509433962
17.228070175438596
14.6
12.333333333333334
9.028169014084508
7.026315789473684
7.383561643835616
7.561643835616438
9.257142857142858
13.272727272727273
15.983050847457626
18.964285714285715
18.821428571428573
21.96
23.313725490196077
26.653061224489797
29.666666666666668
31.083333333333332
33.78260869565217
33.77777777777778
35.529411764705884
36.90909090909091
38.57142857142857
36.42857142857143
34.91891891891892
34.45
33.421052631578945
30.5609756097561
27.26086956521739
26.50943396226415
24.280701754385966
23.64406779661017
20.06779661016949
14.451612903225806
12.347826086956522
7.628571428571429
5.447368421052632
2.731707317073171
4.325
6.527777777777778
8.776119402985074
12.353846153846154
14.294117647058824
18.451612903225808
21.20689655172414
23.22641509433962
24.595744680851062
27.425531914893618
29.48936170212766
31.391304347826086
30.8
34.06976744186046
37.0
37.06666666666667
37.0
35.64705882352941
32.75757575757576
31.692307692307693
30.11627906976744
29.17391304347826
26.46153846153846
25.133333333333333
22.129032258064516
22.0625
17.229508196721312
14.092307692307692
8.942028985507246
6.422535211267606
3.380952380952381
0.0
3.7901234567901234
6.550724637681159
10.411764705882353
13.0
15.676470588235293
18.774193548387096
21.105263157894736
23.0188679245283
25.285714285714285
27.02127659574468
30.09090909090909
31.166666666666668
32.04347826086956
34.4
37.54054054054054
39.8125
38.0
37.44444444444444
32.27906976744186
32.36585365853659
29.68888888888889
29.170212765957448
25.928571428571427
23.766666666666666
21.45762711864407
21.38235294117647
18.21212121212121
13.944444444444445
10.428571428571429
7.470588235294118
6.342105263157895
3.9545454545454546
5.512820512820513
8.382352941176471
11.03125
12.428571428571429
16.2
18.473684210526315
21.64
22.46938775510204
25.0
26.346938775510203
30.46808510638298
31.285714285714285
33.744680851063826
34.77272727272727
35.6
39.78787878787879
39.25806451612903
37.0
32.42857142857143
30.727272727272727
30.4
28.88888888888889
25.24
24.037735849056602
21.62295081967213
21.737704918032787
18.630769230769232
15.735294117647058
12.333333333333334
9.742857142857142
8.205479452054794
6.894736842105263
7.571428571428571
8.67741935483871
11.64516129032258
13.278688524590164
16.464285714285715
18.14814814814815
20.69811320754717
23.142857142857142
24.306122448979593
28.58823529411765
31.083333333333332
32.08510638297872
33.21739130434783
34.93023255813954
36.285714285714285
37.529411764705884
37.625
34.888888888888886
32.5945945945946
29.761904761904763
29.142857142857142
27.818181818181817
26.40909090909091
26.163636363636364
23.672131147540984
21.94736842105263
19.3
17.4
13.363636363636363
11.927536231884059
10.956521739130435
11.10958904109589
11.205882352941176
12.587301587301587
13.522388059701493
14.228070175438596
17.36842105263158
18.345454545454544
20.884615384615383
22.959183673469386
26.15686274509804
29.254545454545454
31.26530612244898
33.170212765957444
33.56521739130435
35.13953488372093
37.476190476190474
38.22222222222222
35.12903225806452
33.77777777777778
32.888888888888886
32.5945945945946
29.78048780487805
27.782608695652176
25.867924528301888
25.96551724137931
22.927272727272726
22.327868852459016
21.727272727272727
18.4
17.7
15.46031746031746
14.44927536231884
15.264705882352942
13.8
13.846153846153847
16.633333333333333
17.96551724137931
21.285714285714285
21.471698113207548
22.2
25.88679245283019
27.41509433962264
29.4468085106383
31.76
34.714285714285715
35.0
34.34782608695652
36.348837209302324
39.08571428571429
35.8125
36.0
34.51428571428571
33.71111111111111
30.46511627906977
27.29787234042553
26.307692307692307
27.135593220338983
25.433962264150942
22.728813559322035
21.77777777777778
21.313725490196077
21.53846153846154
19.066666666666666
19.138461538461538
19.095238095238095
16.55072463768116
19.15625
19.40625
20.37704918032787
22.280701754385966
23.943396226415093
26.15686274509804
28.632653061224488
30.0
31.46808510638298
31.148936170212767
35.31818181818182
36.651162790697676
35.86363636363637
36.87179487179487
38.0
37.3448275862069
36.55555555555556
34.4054054054054
32.888888888888886
31.093023255813954
30.29787234042553
27.708333333333332
27.389830508474578
26.403508771929825
24.78688524590164
24.880597014925375
22.517241379310345
22.322033898305083
22.933333333333334
20.896551724137932
21.46031746031746
20.333333333333332
21.1
22.096774193548388
22.07017543859649
23.76923076923077
25.85185185185185
26.714285714285715
29.142857142857142
31.857142857142858
32.5531914893617
33.53333333333333
37.31707317073171
35.56521739130435
38.85
38.67567567567568
40.18181818181818
38.69565217391305
39.06666666666667
36.94117647058823
34.78378378378378
32.04761904761905
31.78048780487805
30.608695652173914
30.510204081632654
28.627450980392158
27.17241379310345
24.451612903225808
24.20689655172414
25.82758620689655
24.46031746031746
23.533333333333335
23.53125
22.5
20.59259259259259
23.53846153846154
25.333333333333332
25.4468085106383
29.11320754716981
31.166666666666668
30.045454545454547
31.782608695652176
32.234042553191486
35.53191489361702
36.06666666666667
35.61904761904762
37.833333333333336
37.94117647058823
38.84
39.43478260869565
38.645161290322584
36.72222222222222
35.53846153846154
33.63157894736842
32.095238095238095
31.652173913043477
31.591836734693878
28.48
29.58490566037736
27.945454545454545
27.01818181818182
26.535714285714285
26.42105263157895
24.93220338983051
25.785714285714285
26.93103448275862
25.5
26.84313725490196
25.956521739130434
27.782608695652176
29.959183673469386
32.48
33.2
33.31818181818182
33.148936170212764
34.59090909090909
34.45
35.285714285714285
37.625
38.214285714285715
37.7037037037037
39.083333333333336
40.93103448275862
35.46666666666667
36.294117647058826
34.457142857142856
32.829787234042556
32.53061224489796
31.869565217391305
32.458333333333336
30.37037037037037
29.228070175438596
28.864406779661017
28.814814814814813
28.357142857142858
27.50877192982456
26.418181818181818
26.75862068965517
26.82758620689655
27.88235294117647
27.680851063829788
30.608695652173914
31.565217391304348
32.476190476190474
33.75
32.53333333333333
33.53333333333333
37.2
37.4390243902439
37.94117647058823
37.888888888888886
38.78260869565217
35.416666666666664
41.17391304347826
41.266666666666666
39.0
38.11764705882353
36.166666666666664
35.42857142857143
36.68888888888889
36.46808510638298
33.84
33.38775510204081
31.29787234042553
28.41509433962264
29.264150943396228
29.88
30.23076923076923
29.03846153846154
27.857142857142858
27.254901960784313
28.64
29.318181818181817
31.0
36.09090909090909
34.48936170212766
32.297872340425535
32.72727272727273
36.808510638297875
39.0
38.5
41.74285714285714
40.24242424242424
38.92
38.608695652173914
41.583333333333336
41.53333333333333
41.54838709677419
41.0
37.68421052631579
35.883720930232556
34.93333333333333
36.6
35.422222222222224
34.17391304347826
33.083333333333336
31.47826086956522
31.767441860465116
30.666666666666668
30.0
28.6734693877551
30.541666666666668
29.458333333333332
29.541666666666668
29.3
33.41463414634146
34.52173913043478
35.65217391304348
34.95652173913044
35.644444444444446
38.955555555555556
40.10526315789474
41.44444444444444
41.529411764705884
41.0
39.483870967741936
40.38461538461539
42.714285714285715
41.785714285714285
42.333333333333336
41.25
38.5
36.666666666666664
35.04761904761905
37.1219512195122
37.31818181818182
35.857142857142854
35.15
34.77272727272727
34.744680851063826
31.488372093023255
33.22222222222222
33.7
32.86666666666667
33.61702127659574
32.26086956521739
34.55813953488372
35.0
34.69767441860465
36.72727272727273
36.297872340425535
36.1219512195122
39.83783783783784
40.2972972972973
40.733333333333334
41.0
40.785714285714285
40.25925925925926
41.714285714285715
46.0
44.92857142857143
43.06666666666667
42.42857142857143
41.61290322580645
38.714285714285715
37.166666666666664
39.10526315789474
38.578947368421055
37.85
37.853658536585364
36.285714285714285
35.43478260869565
35.0
34.83720930232558
36.15
34.7
35.31111111111111
34.56521739130435
38.24324324324324
35.38461538461539
35.205128205128204
37.333333333333336
36.55
39.5
37.78947368421053
39.42857142857143
41.51851851851852
42.16
40.68421052631579
40.18181818181818
40.0
43.125
43.69230769230769
42.25925925925926
42.81481481481482
41.4
39.172413793103445
39.6
37.142857142857146
37.388888888888886
40.529411764705884
37.97435897435897
38.19512195121951
37.22222222222222
36.32432432432432
36.38095238095238
36.883720930232556
35.8421052631579
37.41463414634146
36.189189189189186
36.717948717948715
38.285714285714285
38.56410256410256
39.0
39.08108108108108
40.82857142857143
40.90909090909091
42.75757575757576
44.2
43.92857142857143
43.80952380952381
41.1
41.529411764705884
44.5
43.35294117647059
45.63636363636363
44.7
43.92
39.57142857142857
40.166666666666664
40.0
38.38461538461539
35.357142857142854
35.82857142857143
40.55
39.15
39.91891891891892
38.53658536585366
38.41463414634146
38.833333333333336
37.91891891891892
39.27777777777778
38.75
38.285714285714285
38.69230769230769
39.22222222222222
42.05882352941177
43.483870967741936
45.46153846153846
44.333333333333336
45.46666666666667
44.16
46.294117647058826
46.21052631578947
44.45454545454545
44.42857142857143
46.13333333333333
45.93333333333333
46.27272727272727
44.333333333333336
43.23809523809524
41.869565217391305
40.75
42.42857142857143
38.0
34.851851851851855
38.92307692307692
40.724137931034484
41.27272727272727
40.142857142857146
37.45454545454545
37.38709677419355
36.44444444444444
38.18518518518518
39.333333333333336
36.25925925925926
38.9375
39.857142857142854
39.666666666666664
39.785714285714285
44.16
44.925925925925924
46.083333333333336
48.22222222222222
47.86666666666667
46.733333333333334
48.666666666666664
