0.08
0.11
0.1
0.13
0.16
0.16
0.13
0.1
0.19
0.22
0.18
0.22
0.23
0.24
0.2
0.21
0.22
0.22
0.21
0.22
0.22
0.19
0.15
0.17
0.18
0.17
0.19
0.17
0.17
0.16
0.13
0.1
0.11
0.13
0.11
0.15
0.18
0.18
0.17
0.19
0.23
0.25
0.26
0.23
0.21
0.27
0.23
0.24
0.26
0.23
0.25
0.25
0.24
0.24
0.19
0.21
0.22
0.2
0.23
0.18
0.2
0.19
0.19
0.13
0.12
0.14
0.16
0.2
0.19
0.21
0.24
0.24
0.28
0.31
0.27
0.3
0.29
0.33
0.28
0.3
0.28
0.27
0.29
0.25
0.29
0.3
0.25
0.26
0.2
0.24
0.22
0.21
0.2
0.18
0.18
0.16
0.14
0.18
0.18
0.21
0.21
0.24
0.26
0.28
0.28
0.25
0.29
0.33
0.33
0.35
0.35
0.32
0.36
0.3
0.32
0.33
0.33
0.32
0.27
0.28
0.25
0.25
0.3
0.28
0.19
0.18
0.19
0.18
0.14
0.23
0.25
0.25
0.24
0.27
0.28
0.26
0.26
0.27
0.31
0.33
0.34
0.32
0.34
0.34
0.36
0.35
0.38
0.41
0.36
0.33
0.33
0.29
0.3
0.3
0.29
0.27
0.25
0.2
0.19
0.18
0.18
0.23
0.22
0.23
0.26
0.26
0.29
0.3
0.3
0.37
0.37
0.36
0.37
0.35
0.36
0.35
0.4
0.36
0.37
0.39
0.35
0.33
0.39
0.34
0.3
0.3
0.32
0.29
0.27
0.26
0.21
0.18
0.17
0.24
0.22
0.3
0.3
0.28
0.28
0.34
0.37
0.38
0.4
0.37
0.37
0.38
0.4
0.41
0.44
0.4
0.41
0.4
0.4
0.37
0.4
0.37
0.34
0.32
0.28
0.3
0.27
0.29
0.25
0.15
0.19
0.22
0.22
0.28
0.33
0.31
0.28
0.34
0.36
0.35
0.37
0.35
0.38
0.41
0.43
0.42
0.44
0.43
0.41
0.47
0.44
0.41
0.41
0.39
0.35
0.32
0.32
0.32
0.25
0.25
0.26
0.21
0.23
0.23
0.28
0.32
0.35
0.35
0.33
0.28
0.32
0.34
0.36
0.35
0.4
0.4
0.5
0.47
0.5
0.48
0.45
0.46
0.43
0.41
0.44
0.42
0.38
0.37
0.37
0.33
0.27
0.26
0.25
0.22
0.2
0.25
0.31
0.32
0.32
0.35
0.35
0.38
0.35
0.35
0.42
0.45
0.39
0.43
0.47
0.47
0.53
0.5
0.51
0.47
0.42
0.44
0.42
0.44
0.42
0.38
0.4
0.37
0.32
0.25
0.26
0.22
0.21
0.27
0.29
0.32
0.36
0.42
0.41
0.38
0.39
0.41
0.41
0.44
0.45
0.44
0.48
0.52
0.55
0.57
0.54
0.5
0.49
0.5
0.42
0.45
0.43
0.41
0.4
0.36
0.32
0.3
0.27
0.23
0.18
0.23
0.28
0.35
0.38
0.44
0.42
0.43
0.43
0.48
0.5
0.48
0.51
0.53
0.6
0.57
0.53
0.5
0.47
0.48
0.46
0.43
0.42
0.42
0.4
0.38
0.39
0.37
0.33
0.31
0.26
0.2
0.24
0.27
0.32
0.35
0.39
0.45
0.41
0.48
0.51
0.53
0.51
0.58
0.6
0.55
0.6
0.58
0.58
0.54
0.41
0.49
0.47
0.5
0.44
0.41
0.41
0.4
0.39
0.34
0.31
0.29
0.26
0.22
0.21
0.28
0.3
0.34
0.42
0.42
0.43
0.5
0.55
0.53
0.59
0.63
0.57
0.56
0.61
0.63
0.62
0.61
0.57
0.49
0.47
0.45
0.42
0.4
0.39
0.42
0.36
0.34
0.32
0.32
0.26
0.19
0.23
0.3
0.28
0.36
0.43
0.43
0.43
0.51
0.53
0.52
0.5
0.6
0.6
0.61
0.64
0.74
0.71
0.66
0.61
0.57
0.53
0.44
0.4
0.42
0.43
0.43
0.35
0.36
0.26
0.28
0.22
0.19
0.21
0.31
0.28
0.33
0.38
0.4
0.46
0.49
0.5
0.44
0.51
0.58
0.61
0.64
0.72
1.0
0.79
0.68
0.64
0.63
0.53
0.49
0.44
0.4
0.4
0.42
0.39
0.33
0.26
0.3
0.23
0.15
0.22
0.32
0.32
0.29
0.34
0.42
0.44
0.47
0.46
0.47
0.49
0.56
0.6
0.61
0.72
0.78
0.72
0.7
0.67
0.6
0.53
0.46
0.5
0.48
0.4
0.41
0.32
0.32
0.29
0.33
0.24
0.2
0.23
0.28
0.3
0.35
0.35
0.46
0.47
0.43
0.43
0.47
0.53
0.56
0.61
0.61
0.66
0.7
0.67
0.63
0.59
0.59
0.55
0.47
0.45
0.5
0.45
0.39
0.37
0.32
0.31
0.29
0.25
0.24
0.22
0.28
0.31
0.36
0.36
0.46
0.46
0.43
0.47
0.47
0.48
0.57
0.52
0.6
0.59
0.62
0.65
0.57
0.54
0.55
0.52
0.47
0.44
0.47
0.43
0.34
0.36
0.38
0.35
0.29
0.28
0.25
0.19
0.27
0.31
0.34
0.31
0.41
0.39
0.38
0.46
0.45
0.43
0.47
0.51
0.55
0.56
0.59
0.58
0.54
0.52
0.55
0.54
0.48
0.42
0.44
0.43
0.42
0.37
0.38
0.35
0.29
0.27
0.25
0.2
0.3
0.31
0.33
0.31
0.34
0.36
0.39
0.44
0.44
0.42
0.48
0.46
0.51
0.51
0.52
0.5
0.47
0.49
0.46
0.45
0.48
0.42
0.43
0.42
0.44
0.37
0.39
0.35
0.3
0.22
0.17
0.21
0.25
0.31
0.34
0.27
0.35
0.36
0.33
0.4
0.38
0.49
0.47
0.42
0.44
0.48
0.49
0.49
0.43
0.46
0.46
0.46
0.44
0.44
0.43
0.35
0.39
0.4
0.36
0.31
0.27
0.26
0.17
0.23
0.26
0.3
0.3
0.34
0.31
0.37
0.36
0.38
0.4
0.48
0.46
0.41
0.4
0.44
0.46
0.5
0.43
0.42
0.46
0.4
0.39
0.4
0.39
0.33
0.36
0.39
0.37
0.37
0.25
0.22
0.19
0.21
0.29
0.31
0.31
0.34
0.36
0.37
0.36
0.36
0.4
0.39
0.43
0.38
0.38
0.38
0.41
0.39
0.38
0.37
0.36
0.35
0.34
0.4
0.41
0.38
0.33
0.37
0.36
0.35
0.29
0.24
0.16
0.22
0.26
0.27
0.32
0.36
0.36
0.37
0.35
0.35
0.31
0.37
0.41
0.36
0.4
0.41
0.42
0.38
0.36
0.35
0.34
0.31
0.29
0.31
0.34
0.33
0.33
0.33
0.33
0.29
0.29
0.23
0.16
0.2
0.28
0.24
0.28
0.31
0.34
0.35
0.32
0.36
0.31
0.38
0.38
0.39
0.36
0.36
0.37
0.37
0.32
0.32
0.31
0.33
0.26
0.26
0.31
0.28
0.33
0.34
0.29
0.25
0.25
0.22
0.2
0.17
0.23
0.22
0.26
0.27
0.29
0.26
0.25
0.29
0.34
0.34
0.36
0.38
0.33
0.34
0.33
0.34
0.31
0.3
0.29
0.29
0.24
0.27
0.27
0.26
0.28
0.26
0.29
0.27
0.23
0.21
0.17
0.2
0.2
0.23
0.28
0.27
0.25
0.25
0.21
0.28
0.32
0.31
0.32
0.32
0.37
0.33
0.34
0.34
0.31
0.32
0.31
0.3
0.25
0.23
0.26
0.26
0.25
0.28
0.3
0.24
0.21
0.21
0.15
0.17
0.17
0.19
0.27
0.27
0.25
0.25
0.22
0.24
0.26
0.3
0.3
0.31
0.33
0.37
0.35
0.36
0.31
0.3
0.29
0.28
0.23
0.27
0.28
0.25
0.26
0.27
0.2
0.22
0.19
0.18
0.13
0.12
0.15
0.18
0.26
0.24
0.22
0.2
0.23
0.27
0.27
0.27
0.28
0.28
0.3
0.31
0.33
0.28
0.28
0.3
0.25
0.22
0.26
0.25
0.26
0.25
0.25
0.23
0.17
0.18
0.16
0.17
0.13
0.1
0.16
0.17
0.21
0.21
0.21
0.19
0.2
0.24
0.22
0.24
0.26
0.23
0.21
0.27
0.28
0.23
0.26
0.26
0.22
0.21
0.19
0.21
0.22
0.22
0.2
0.24
0.23
0.18
0.15
0.13
0.1
0.07
0.12
0.1
0.16
0.11
0.15
0.16
0.17
0.19
0.2
0.2
0.25
0.23
0.18
0.21
0.22
0.23
0.25
0.24
0.17
0.14
0.17
0.15
0.18
0.15
0.14
0.15
0.18
0.16
0.11
0.08
0.06

42.25
41.54545454545455
37.2
39.0
39.125
38.0
37.23076923076923
38.8
35.36842105263158
34.18181818181818
35.44444444444444
33.90909090909091
33.30434782608695
33.166666666666664
36.9
37.57142857142857
34.36363636363637
36.90909090909091
37.904761904761905
36.09090909090909
36.36363636363637
38.1578947368421
39.2
38.294117647058826
36.333333333333336
37.0
37.578947368421055
41.23529411764706
41.05882352941177
39.125
41.23076923076923
43.4
42.81818181818182
41.69230769230769
38.27272727272727
37.6
35.888888888888886
36.666666666666664
37.470588235294116
36.63157894736842
34.56521739130435
32.96
33.53846153846154
33.04347826086956
32.142857142857146
31.11111111111111
34.130434782608695
35.083333333333336
34.15384615384615
35.30434782608695
34.44
34.8
35.666666666666664
35.5
37.21052631578947
36.95238095238095
37.45454545454545
38.7
39.608695652173914
40.0
40.0
40.94736842105263
41.421052631578945
41.07692307692308
39.0
40.857142857142854
38.25
37.2
36.0
35.38095238095238
36.166666666666664
36.583333333333336
35.5
33.645161290322584
32.81481481481482
32.333333333333336
33.241379310344826
31.060606060606062
32.214285714285715
32.666666666666664
32.5
33.51851851851852
33.03448275862069
33.56
33.793103448275865
33.6
34.24
35.53846153846154
35.4
36.833333333333336
38.0
38.80952380952381
39.9
39.111111111111114
40.44444444444444
41.25
37.285714285714285
36.888888888888886
36.55555555555556
36.857142857142854
36.23809523809524
35.083333333333336
34.84615384615385
35.357142857142854
33.142857142857146
32.64
31.551724137931036
30.363636363636363
29.90909090909091
31.542857142857144
31.228571428571428
31.375
31.944444444444443
31.066666666666666
32.875
30.606060606060606
31.606060606060606
31.8125
31.59259259259259
34.785714285714285
34.2
36.48
37.0
39.714285714285715
38.473684210526315
39.666666666666664
41.73684210526316
41.44444444444444
36.857142857142854
37.17391304347826
35.52
35.56
33.833333333333336
34.48148148148148
33.142857142857146
30.23076923076923
29.615384615384617
30.25925925925926
28.903225806451612
27.727272727272727
27.941176470588236
29.4375
30.823529411764707
31.058823529411764
30.5
30.02857142857143
29.63157894736842
29.24390243902439
31.11111111111111
32.45454545454545
30.242424242424242
33.41379310344828
33.266666666666666
35.2
36.689655172413794
37.592592592592595
37.28
39.8
41.05263157894737
41.333333333333336
37.111111111111114
36.0
35.18181818181818
35.30434782608695
33.07692307692308
32.38461538461539
29.275862068965516
29.0
29.466666666666665
28.64864864864865
28.89189189189189
28.61111111111111
27.756756756756758
28.685714285714287
28.61111111111111
28.17142857142857
27.95
27.833333333333332
29.054054054054053
28.46153846153846
29.17142857142857
30.0
30.28205128205128
31.41176470588235
32.333333333333336
32.333333333333336
35.75
36.89655172413793
38.333333333333336
39.38461538461539
39.57142857142857
40.55555555555556
36.35294117647059
36.666666666666664
35.54545454545455
33.53333333333333
31.666666666666668
29.785714285714285
28.214285714285715
28.294117647058822
28.16216216216216
28.210526315789473
27.3
26.945945945945947
25.675675675675677
25.210526315789473
23.05
24.658536585365855
25.818181818181817
26.45
26.73170731707317
26.65
27.65
27.486486486486488
29.35
29.37837837837838
31.529411764705884
33.25
34.214285714285715
36.13333333333333
38.148148148148145
39.275862068965516
37.44
36.6
37.0
36.45454545454545
33.54545454545455
31.5
29.96969696969697
31.096774193548388
29.285714285714285
27.764705882352942
24.833333333333332
25.142857142857142
24.405405405405407
24.571428571428573
21.736842105263158
22.097560975609756
22.627906976744185
20.952380952380953
22.227272727272727
23.58139534883721
25.48780487804878
25.361702127659573
26.954545454545453
27.5609756097561
27.24390243902439
28.82051282051282
30.428571428571427
32.0625
33.875
35.375
37.0
36.48
37.76923076923077
36.095238095238095
36.26086956521739
34.82608695652174
32.07142857142857
31.4375
30.114285714285714
29.34285714285714
27.333333333333332
26.714285714285715
23.5
22.470588235294116
23.11111111111111
20.142857142857142
17.9
20.0
20.28
22.23404255319149
21.28
22.083333333333332
22.755555555555556
23.608695652173914
22.88372093023256
23.926829268292682
23.681818181818183
27.571428571428573
29.526315789473685
31.756756756756758
31.89189189189189
33.36363636363637
34.2962962962963
34.07692307692308
35.76
36.45454545454545
34.2
33.2
29.451612903225808
30.1875
28.0625
26.685714285714287
24.542857142857144
22.210526315789473
20.6
20.685714285714287
20.047619047619047
17.6
15.256410256410257
16.6046511627907
18.914893617021278
19.106382978723403
19.49056603773585
18.0
19.784313725490197
20.382978723404257
22.285714285714285
21.727272727272727
23.904761904761905
28.09090909090909
29.952380952380953
30.57894736842105
30.75
31.405405405405407
32.1875
35.04
35.23076923076923
34.81818181818182
31.80952380952381
27.59259259259259
28.275862068965516
27.3125
28.166666666666668
26.095238095238095
23.5609756097561
21.31578947368421
20.46153846153846
19.097560975609756
18.0
16.363636363636363
14.4
14.454545454545455
13.958333333333334
14.615384615384615
15.2
17.666666666666668
17.703703703703702
18.48
21.06122448979592
21.2
23.0
26.42222222222222
28.511627906976745
29.878048780487806
29.55
30.944444444444443
32.875
34.4
34.74074074074074
35.26086956521739
32.44444444444444
28.695652173913043
27.214285714285715
26.857142857142858
27.31578947368421
24.818181818181817
23.952380952380953
21.58139534883721
21.0
19.166666666666668
17.44
14.125
12.92156862745098
11.660377358490566
11.466666666666667
11.43859649122807
13.79245283018868
13.2
14.02127659574468
15.958333333333334
19.391304347826086
20.74418604651163
23.61904761904762
24.952380952380953
26.2
26.105263157894736
30.23076923076923
30.16216216216216
31.848484848484848
32.70967741935484
34.76923076923077
35.3
30.25
29.37037037037037
26.375
28.314285714285713
26.256410256410255
25.08888888888889
21.414634146341463
20.375
19.176470588235293
16.88679245283019
14.941176470588236
12.758620689655173
10.9
9.10909090909091
7.966666666666667
8.448275862068966
8.03448275862069
9.88888888888889
11.560975609756097
14.591836734693878
17.19148936170213
20.92
21.954545454545453
23.878048780487806
25.317073170731707
25.55
30.0
30.41176470588235
33.096774193548384
32.03448275862069
34.23076923076923
35.09090909090909
31.0
30.071428571428573
27.733333333333334
26.235294117647058
26.571428571428573
24.047619047619047
22.302325581395348
21.68
19.472727272727273
16.67924528301887
13.745762711864407
12.34920634920635
9.526315789473685
8.535714285714286
5.655737704918033
5.523809523809524
7.161290322580645
8.491803278688524
9.175438596491228
12.979591836734693
16.829787234042552
19.244444444444444
20.571428571428573
23.25
24.94871794871795
26.428571428571427
28.333333333333332
29.764705882352942
32.3125
32.875
33.38461538461539
33.89473684210526
29.47826086956522
30.2
27.214285714285715
26.11111111111111
25.53488372093023
23.046511627906977
21.953488372093023
20.568627450980394
19.58490566037736
16.346153846153847
13.24
11.166666666666666
8.933333333333334
6.377049180327869
4.0
2.5675675675675675
4.197183098591549
6.7272727272727275
8.459016393442623
11.31578947368421
14.49056603773585
18.363636363636363
19.75
22.142857142857142
24.511627906976745
25.372093023255815
27.942857142857143
28.333333333333332
32.0
33.42857142857143
32.54545454545455
33.8421052631579
36.61904761904762
30.838709677419356
28.5
28.181818181818183
27.157894736842106
24.55
23.17391304347826
19.755102040816325
19.76
17.40909090909091
15.156862745098039
10.310344827586206
9.459016393442623
5.96875
3.3333333333333335
0.0
3.5063291139240507
5.382352941176471
8.40625
10.285714285714286
13.226415094339623
14.938775510204081
17.59090909090909
19.15
22.25
25.19047619047619
27.615384615384617
27.393939393939394
29.53846153846154
30.8
30.91304347826087
33.333333333333336
36.72727272727273
31.5
30.0
26.586206896551722
25.941176470588236
25.80952380952381
23.318181818181817
21.93617021276596
20.869565217391305
18.4468085106383
15.918367346938776
11.678571428571429
10.8
6.80327868852459
4.861111111111111
2.0
5.25
7.8
8.895522388059701
11.5
13.924528301886792
15.173913043478262
17.68
20.458333333333332
22.55
24.5609756097561
27.4375
28.0
28.82758620689655
30.151515151515152
31.0
34.7
35.69565217391305
33.642857142857146
31.666666666666668
28.742857142857144
27.571428571428573
26.304347826086957
23.72340425531915
22.837209302325583
22.53488372093023
19.27659574468085
16.81132075471698
13.892857142857142
12.311475409836065
10.459016393442623
7.181818181818182
6.2
8.970149253731343
9.523809523809524
9.677966101694915
13.186440677966102
14.818181818181818
15.48936170212766
18.155555555555555
21.4
23.22222222222222
26.974358974358974
29.054054054054053
30.625
30.419354838709676
31.379310344827587
30.68
33.25
37.18181818181818
34.785714285714285
32.45161290322581
29.333333333333332
29.38888888888889
26.26086956521739
23.565217391304348
22.906976744186046
22.425531914893618
20.27659574468085
18.416666666666668
15.456140350877194
13.846153846153847
12.3
9.559322033898304
8.483870967741936
10.76923076923077
11.31578947368421
12.666666666666666
14.818181818181818
17.76923076923077
18.02127659574468
20.0
20.659574468085108
24.74418604651163
27.88235294117647
27.88888888888889
29.0
28.97142857142857
29.344827586206897
31.5
32.36
36.578947368421055
35.25925925925926
33.83870967741935
29.470588235294116
28.096774193548388
27.463414634146343
24.58974358974359
23.263157894736842
23.130434782608695
21.466666666666665
20.348837209302324
17.659574468085108
15.627450980392156
14.581818181818182
12.714285714285714
12.169491525423728
11.758620689655173
12.518518518518519
14.038461538461538
17.30909090909091
18.85185185185185
20.291666666666668
21.0
22.40909090909091
25.0
26.904761904761905
28.027027027027028
29.473684210526315
30.771428571428572
28.896551724137932
29.88888888888889
33.2
36.7
34.86666666666667
34.12903225806452
31.727272727272727
28.193548387096776
27.823529411764707
26.88888888888889
22.692307692307693
23.727272727272727
21.09090909090909
20.333333333333332
20.458333333333332
16.434782608695652
16.764705882352942
14.235294117647058
14.692307692307692
14.56
15.0
15.918367346938776
17.347826086956523
19.644444444444446
20.416666666666668
22.285714285714285
24.162790697674417
24.80952380952381
27.772727272727273
29.62162162162162
29.871794871794872
30.571428571428573
31.733333333333334
30.727272727272727
34.64705882352941
35.666666666666664
36.72
33.25806451612903
33.35294117647059
31.296296296296298
30.62857142857143
27.11111111111111
24.12121212121212
25.0
22.0
23.571428571428573
22.340425531914892
19.142857142857142
18.045454545454547
15.5
16.367346938775512
15.653061224489797
17.627906976744185
18.17391304347826
21.08695652173913
21.52173913043478
22.545454545454547
23.727272727272727
25.302325581395348
25.4
26.307692307692307
29.6
31.61111111111111
32.096774193548384
32.81481481481482
33.76923076923077
34.0
34.608695652173914
36.69230769230769
31.933333333333334
33.266666666666666
32.64705882352941
31.322580645161292
27.72972972972973
25.333333333333332
25.31578947368421
26.95
25.125
24.82608695652174
22.78048780487805
21.55
19.772727272727273
17.52173913043478
17.8
18.3953488372093
19.0
21.73913043478261
22.05
24.435897435897434
26.85
28.128205128205128
28.90909090909091
28.72222222222222
31.28205128205128
31.7027027027027
32.972972972972975
34.2
36.63636363636363
36.89473684210526
37.666666666666664
37.10344827586207
33.58064516129032
32.12903225806452
32.1764705882353
30.5
29.81081081081081
28.333333333333332
27.166666666666668
28.25
28.025641025641026
27.069767441860463
23.894736842105264
25.36842105263158
23.42105263157895
21.5609756097561
20.53846153846154
22.263157894736842
23.27027027027027
24.11111111111111
25.285714285714285
26.352941176470587
27.9
28.195121951219512
28.789473684210527
28.545454545454547
31.54054054054054
33.0
32.65714285714286
34.827586206896555
36.083333333333336
36.875
38.27272727272727
36.92307692307692
35.333333333333336
33.0
32.5
30.833333333333332
30.37837837837838
29.914285714285715
30.514285714285716
29.774193548387096
28.486486486486488
28.121951219512194
26.11111111111111
26.1
23.658536585365855
23.38095238095238
23.894736842105264
23.11111111111111
23.82857142857143
25.823529411764707
26.64516129032258
27.689655172413794
29.161290322580644
29.058823529411764
29.696969696969695
30.818181818181817
31.636363636363637
33.42424242424242
33.172413793103445
34.51724137931034
36.0
37.875
39.4
38.142857142857146
37.333333333333336
36.214285714285715
35.70967741935484
34.411764705882355
31.8
29.875
30.444444444444443
30.70967741935484
29.31578947368421
26.736842105263158
25.871794871794872
25.27777777777778
22.444444444444443
22.37837837837838
24.83783783783784
25.1875
25.625
26.193548387096776
27.424242424242426
31.307692307692307
31.23076923076923
31.096774193548388
30.571428571428573
32.484848484848484
33.294117647058826
34.06896551724138
33.24
35.44
34.81818181818182
36.5
42.8235294117647
39.43478260869565
38.18181818181818
37.69230769230769
36.370370370370374
35.3448275862069
32.38461538461539
31.64
28.96551724137931
28.41176470588235
28.470588235294116
28.166666666666668
26.736842105263158
25.90909090909091
24.764705882352942
24.03030303030303
25.529411764705884
26.870967741935484
25.466666666666665
28.79310344827586
30.896551724137932
34.166666666666664
32.888888888888886
33.370370370370374
33.69230769230769
33.07142857142857
34.61538461538461
35.758620689655174
35.407407407407405
38.04347826086956
37.142857142857146
37.94117647058823
39.6
38.0
39.0
38.642857142857146
35.666666666666664
35.68
33.4
31.61904761904762
30.5
30.625
30.548387096774192
28.875
26.9375
28.81081081081081
27.848484848484848
28.941176470588236
29.88235294117647
30.580645161290324
30.875
30.387096774193548
30.133333333333333
34.8
33.52173913043478
34.69230769230769
33.15384615384615
35.28
35.0
36.733333333333334
36.5
36.95238095238095
38.523809523809526
38.666666666666664
41.64705882352941
41.11764705882353
39.05263157894737
39.148148148148145
37.333333333333336
35.56
33.68
30.272727272727273
30.25
30.76923076923077
31.2
30.866666666666667
28.967741935483872
29.303030303030305
31.675675675675677
31.285714285714285
31.333333333333332
31.838709677419356
32.333333333333336
31.689655172413794
32.857142857142854
33.95652173913044
35.111111111111114
35.357142857142854
35.04
36.0
36.148148148148145
38.2
37.0
37.73684210526316
39.111111111111114
41.30769230769231
40.5
38.53333333333333
42.55555555555556
41.15384615384615
40.25
37.0
34.8
33.04347826086956
31.0
33.48148148148148
33.0
31.428571428571427
31.571428571428573
30.933333333333334
31.322580645161292
31.696969696969695
29.857142857142858
30.928571428571427
32.666666666666664
33.2
32.54545454545455
33.84615384615385
35.56
35.61538461538461
35.64
35.76
37.26086956521739
38.705882352941174
37.55555555555556
41.375
40.64705882352941
40.92307692307692
43.6
41.125
41.64705882352941
43.38095238095238
39.333333333333336
38.714285714285715
36.10526315789474
35.2
32.666666666666664
35.45454545454545
33.333333333333336
34.84615384615385
32.52173913043478
31.285714285714285
32.370370370370374
33.285714285714285
30.869565217391305
32.53846153846154
32.69230769230769
34.36363636363637
34.857142857142854
36.578947368421055
37.42857142857143
36.81818181818182
37.72727272727273
37.3
38.083333333333336
38.130434782608695
39.22222222222222
41.4
41.23076923076923
42.6
37.57142857142857
38.0
37.2
41.0
41.36363636363637
38.266666666666666
36.75
35.64705882352941
33.21052631578947
33.6
31.7
36.0
33.43478260869565
33.111111111111114
32.904761904761905
34.45454545454545
34.30434782608695
33.2
33.5
35.64705882352941
35.42857142857143
37.64705882352941
40.2
39.333333333333336
38.733333333333334
38.0
41.0
39.77777777777778
40.5
43.63636363636363
42.0
43.0
