1.0
1.0
1.0
1.0
1.0
1.0
1.0
1.0
1.0
1.0
1.0
1.0
1.0
1.0
1.0
1.0
1.0
1.0
1.0
1.0
1.0
1.0
1.0
1.0
1.0
1.0
1.0
1.0
1.0
1.0
1.0
1.0
1.0
1.0
1.0
1.0
1.0
1.0
1.0
1.0
1.0
1.0
1.0
1.0
1.0
1.0
1.0
1.0
1.0
1.0
1.0
1.0
1.0
1.0
1.0
1.0
1.0
1.0
1.0
0.99
0.99
0.99
0.99
0.99
0.99
0.99
0.99
0.99
0.99
0.99
0.99
0.99
0.99
0.99
0.99
0.99
0.99
0.99
0.99
0.99
0.99
0.99
0.99
0.99
0.99
0.99
0.98
0.98
0.98
0.98
0.98
0.98
0.98
0.98
0.98
0.98
0.98
0.98
0.98
0.98
0.98
0.98
0.98
0.98
0.98
0.98
0.98
0.98
0.98
0.98
0.98
0.97
0.97
0.97
0.97
0.97
0.97
0.97
0.97
0.97
0.97
0.97
0.97
0.97
0.97
0.97
0.97
0.97
0.97
0.97
0.97
0.97
0.97
0.97
0.97
0.96
0.96
0.96
0.96
0.96
0.96
0.96
0.96
0.96
0.96
0.96
0.96
0.96
0.96
0.96
0.96
0.96
0.96
0.96
0.96
0.95
0.95
0.95
0.95
0.95
0.95
0.95
0.95
0.95
0.95
0.95
0.95
0.95
0.95
0.95
0.95
0.95
0.95
0.95
0.95
0.95
0.95
0.95
0.95
0.95
0.95
0.94
0.94
0.94
0.94
0.94
0.94
0.94
0.94
0.94
0.94
0.94
0.94
0.94
0.94
0.94
0.93
0.93
0.93
0.93
0.93
0.93
0.93
0.93
0.93
0.93
0.93
0.93
0.93
0.93
0.93
0.93
0.93
0.93
0.93
0.93
0.93
0.93
0.92
0.92
0.92
0.92
0.92
0.92
0.92
0.92
0.92
0.92
0.92
0.92
0.92
0.92
0.91
0.91
0.91
0.91
0.91
0.91
0.91
0.91
0.91
0.91
0.91
0.91
0.91
0.91
0.91
0.91
0.91
0.91
0.9
0.9
0.9
0.9
0.9
0.9
0.9
0.9
0.9
0.9
0.9
0.9
0.9
0.9
0.9
0.9
0.9
0.9
0.9
0.9
0.9
0.9
0.89
0.89
0.89
0.89
0.89
0.89
0.89
0.89
0.89
0.89
0.89
0.89
0.89
0.89
0.89
0.89
0.89
0.89
0.88
0.88
0.88
0.88
0.88
0.88
0.88
0.88
0.88
0.88
0.88
0.88
0.88
0.88
0.88
0.88
0.88
0.88
0.88
0.88
0.87
0.87
0.87
0.87
0.87
0.87
0.87
0.87
0.87
0.87
0.87
0.87
0.87
0.87
0.87
0.87
0.87
0.87
0.87
0.87
0.87
0.87
0.87
0.87
0.87
0.87
0.87
0.87
0.86
0.86
0.86
0.86
0.86
0.86
0.86
0.86
0.86
0.86
0.86
0.86
0.86
0.86
0.86
0.86
0.86
0.86
0.86
0.86
0.86
0.86
0.86
0.86
0.86
0.86
0.86
0.86
0.86
0.86
0.86
0.86
0.86
0.86
0.85
0.85
0.85
0.85
0.85
0.85
0.85
0.85
0.85
0.85
0.85
0.85
0.85
0.85
0.85
0.85
0.85
0.85
0.84
0.84
0.84
0.84
0.84
0.84
0.84
0.84
0.84
0.84
0.84
0.84
0.84
0.84
0.84
0.84
0.84
0.84
0.84
0.83
0.83
0.83
0.83
0.83
0.83
0.83
0.83
0.83
0.83
0.83
0.83
0.83
0.83
0.83
0.83
0.83
0.83
0.83
0.83
0.82
0.82
0.82
0.82
0.82
0.82
0.82
0.82
0.82
0.82
0.82
0.82
0.82
0.82
0.82
0.82
0.82
0.82
0.82
0.82
0.82
0.82
0.82
0.82
0.82
0.82
0.82
0.82
0.82
0.82
0.82
0.82
0.82
0.82
0.81
0.81
0.81
0.81
0.81
0.81
0.81
0.81
0.81
0.81
0.81
0.81
0.81
0.81
0.81
0.81
0.81
0.81
0.81
0.81
0.81
0.81
0.81
0.81
0.81
0.81
0.81
0.81
0.81
0.81
0.81
0.81
0.81
0.8
0.8
0.8
0.8
0.8
0.8
0.8
0.8
0.8
0.8
0.8
0.8
0.8
0.8
0.8
0.8
0.8
0.8
0.8
0.8
0.8
0.8
0.8
0.8
0.8
0.8
0.8
0.8
0.8
0.8
0.8
0.8
0.8
0.8
0.8
0.8
0.79
0.79
0.79
0.79
0.79
0.79
0.79
0.79
0.79
0.79
0.79
0.79
0.79
0.79
0.79
0.79
0.79
0.79
0.79
0.79
0.79
0.79
0.79
0.79
0.79
0.79
0.79
0.79
0.79
0.79
0.79
0.79
0.79
0.79
0.79
0.79
0.79
0.79
0.79
0.78
0.78
0.78
0.78
0.78
0.78
0.78
0.78
0.78
0.78
0.78
0.78
0.78
0.78
0.78
0.78
0.78
0.78
0.78
0.78
0.78
0.78
0.78
0.78
0.78
0.78
0.78
0.78
0.78
0.78
0.78
0.78
0.78
0.78
0.78
0.77
0.77
0.77
0.77
0.77
0.77
0.77
0.77
0.77
0.77
0.77
0.77
0.77
0.77
0.77
0.77
0.77
0.77
0.77
0.77
0.77
0.77
0.77
0.77
0.77
0.77
0.77
0.77
0.77
0.77
0.77
0.77
0.77
0.77
0.77
0.77
0.77
0.77
0.77
0.77
0.76
0.76
0.76
0.76
0.76
0.76
0.76
0.76
0.76
0.76
0.76
0.76
0.76
0.76
0.76
0.76
0.76
0.76
0.76
0.76
0.76
0.76
0.76
0.76
0.76
0.76
0.76
0.76
0.76
0.76
0.76
0.76
0.76
0.76
0.76
0.76
0.76
0.76
0.76
0.75
0.75
0.75
0.75
0.75
0.75
0.75
0.75
0.75
0.75
0.75
0.75
0.75
0.75
0.75
0.75
0.75
0.75
0.75
0.75
0.75
0.75
0.75
0.75
0.75
0.75
0.75
0.75
0.75
0.75
0.75
0.75
0.75
0.75
0.74
0.74
0.74
0.74
0.74
0.74
0.74
0.74
0.74
0.74
0.74
0.74
0.74
0.74
0.74
0.74
0.74
0.74
0.74
0.74
0.74
0.74
0.74
0.74
0.74
0.74
0.74
0.74
0.74
0.74
0.74
0.74
0.74
0.74
0.74
0.74
0.74
0.74
0.74
0.74
0.74
0.74
0.74
0.74
0.74
0.74
0.74
0.74
0.74
0.74
0.74
0.74
0.74
0.74
0.73
0.73
0.73
0.73
0.73
0.73
0.73
0.73
0.73
0.73
0.73
0.73
0.73
0.73
0.73
0.73
0.73
0.73
0.73
0.73
0.73
0.73
0.73
0.73
0.73
0.73
0.73
0.73
0.73
0.73
0.73
0.73
0.73
0.72
0.72
0.72
0.72
0.72
0.72
0.72
0.72
0.72
0.72
0.72
0.72
0.72
0.72
0.72
0.72
0.72
0.72
0.72
0.72
0.72
0.72
0.72
0.72
0.72
0.72
0.72
0.72
0.72
0.72
0.72
0.72
0.72
0.72
0.72
0.71
0.71
0.71
0.71
0.71
0.71
0.71
0.71
0.71
0.71
0.71
0.71
0.71
0.71
0.71
0.71
0.71
0.71
0.71
0.71
0.71
0.71
0.71
0.71
0.71
0.71
0.71
0.71
0.71
0.7
0.7
0.7
0.7
0.7
0.7
0.7
0.7
0.7
0.7
0.7
0.7
0.7
0.7
0.7
0.7
0.7
0.7
0.7
0.7
0.7
0.7
0.69
0.69
0.69
0.69
0.69
0.69
0.69
0.69
0.69
0.69
0.69
0.69
0.69
0.69
0.69
0.69
0.69
0.69
0.69
0.69
0.69
0.69
0.69
0.69
0.69
0.69
0.69
0.69
0.69
0.69
0.68
0.68
0.68
0.68
0.68
0.68
0.68
0.68
0.68
0.68
0.68
0.68
0.68
0.68
0.68
0.67
0.67
0.67
0.67
0.67
0.67
0.67
0.67
0.67
0.67
0.67
0.67
0.67
0.67
0.67
0.67
0.67
0.67
0.66
0.66
0.66
0.66
0.66
0.66
0.66
0.66
0.66
0.66
0.66
0.66
0.66
0.66
0.66
0.65
0.65
0.65
0.65
0.65
0.65
0.65
0.65
0.65
0.64
0.64
0.64
0.64
0.64
0.63
0.63
0.63
0.63
0.63
0.62
0.61
0.61
0.61
0.61
0.6
0.6
0.59
0.59
0.59
0.59

4
4
4
5
4
5
4
5
3
4
3
5
4
4
5
5
4
4
5
5
5
5
5
5
5
5
5
5
5
5
5
5
4
5
5
5
5
5
5
5
5
5
5
5
5
5
5
6
5
5
5
5
5
5
5
5
5
5
5
5
5
5
5
5
5
4
6
5
5
6
5
6
5
5
5
5
5
5
5
5
6
5
5
5
5
5
5
5
6
5
6
6
5
5
5
5
5
5
5
5
6
5
6
6
6
5
5
5
5
5
6
6
5
5
6
5
5
5
5
5
5
5
5
5
5
5
6
5
5
5
6
5
5
6
5
6
6
5
6
5
4
5
6
5
5
6
5
5
6
5
5
5
5
5
5
5
5
5
5
6
5
5
5
6
6
5
5
6
5
5
6
4
5
6
6
6
5
6
5
6
5
6
6
6
5
4
6
6
6
5
6
6
6
5
5
5
6
6
6
5
6
6
6
5
5
6
5
6
5
5
5
5
5
5
6
6
6
5
6
6
6
6
6
5
5
5
5
6
6
6
5
5
5
6
6
6
5
5
5
6
5
6
6
6
5
6
5
5
6
6
6
6
6
5
6
6
6
5
6
5
6
6
5
6
5
5
6
5
6
6
6
6
6
5
5
6
6
5
5
5
6
6
5
6
6
5
6
5
5
6
6
5
6
5
6
5
6
6
6
6
5
5
6
6
5
6
6
6
5
6
6
6
6
6
5
6
6
6
6
6
5
6
5
5
5
6
6
5
6
5
6
5
6
6
6
5
6
6
6
6
5
6
6
6
5
5
6
5
6
6
6
6
5
6
5
6
6
5
7
6
5
6
6
6
6
6
6
7
6
6
6
5
6
6
6
5
6
5
6
6
6
6
6
5
5
5
6
6
6
5
5
5
6
3
6
5
5
6
6
5
6
6
6
5
6
6
6
6
5
6
5
6
7
5
6
5
5
6
5
6
6
6
6
6
6
6
6
6
6
6
6
5
5
6
6
6
6
6
6
6
6
5
6
5
6
6
6
6
6
6
6
6
6
6
5
6
5
5
6
6
6
6
6
6
6
6
5
6
5
7
6
6
6
6
6
5
6
6
6
5
6
6
6
5
6
6
6
6
6
6
6
6
5
5
6
6
6
6
6
6
5
5
6
5
5
5
6
5
6
6
5
6
6
5
6
6
6
6
5
5
6
6
6
5
5
5
6
5
5
6
6
6
5
6
6
5
6
6
6
6
5
6
6
6
6
6
6
6
6
6
6
5
5
6
6
6
5
6
5
6
6
5
6
6
6
6
6
6
6
5
6
6
6
6
6
7
6
5
6
6
6
6
6
6
6
6
5
6
6
5
6
6
6
5
7
5
6
6
6
7
6
6
6
6
5
6
6
6
5
6
6
6
6
6
6
7
7
5
6
6
6
5
6
6
6
6
6
6
6
6
6
5
6
6
6
6
6
6
6
6
6
6
5
6
6
5
5
6
6
5
5
5
6
5
5
6
6
6
6
6
6
5
6
6
6
6
6
6
6
6
6
5
5
6
5
6
6
6
6
6
6
6
6
6
6
6
6
6
6
5
6
6
5
6
6
6
6
5
6
6
6
6
6
6
6
6
6
6
6
5
6
7
6
6
6
6
6
6
6
6
6
6
5
5
6
7
6
6
7
5
5
6
6
6
6
6
5
6
5
6
5
5
6
5
7
7
5
6
6
5
6
6
6
6
6
6
5
6
6
6
6
6
7
5
6
6
6
6
6
6
6
6
5
6
6
6
6
6
6
6
6
6
6
6
6
6
5
6
6
6
6
5
6
6
6
6
6
6
5
5
6
6
6
5
6
6
5
6
6
5
7
6
6
6
7
6
6
6
5
5
6
6
6
6
6
6
6
6
6
6
5
5
6
6
6
7
6
6
6
6
6
6
7
6
5
6
6
5
6
6
5
6
6
5
6
6
5
6
6
6
6
6
6
5
5
6
6
6
7
6
7
6
5
6
7
6
6
6
6
6
6
6
6
6
6
6
6
7
5
5
7
6
6
6
5
6
6
6
5
6
6
6
6
5
6
6
6
5
5
6
7
6
6
6
5
6
6
6
6
5
6
5
6
6
5
5
6
6
6
6
6
5
6
5
7
6
7
6
6
7
6
6
6
7
7
6
6
6
5
6
6
7
6
7
6
6
5
7
5
6
6
6
6
5
6
6
6
6
7
6
5
6
6
6
6
6
6
5
6
6
6
6
5
6
6
6
6
6
5
5
5
6
6
6
6
0
0
0
0
6
